52,52
52,51
52,50
52,49
52,48
52,47
52,46
52,45
52,44
52,43
52,42
52,41
52,40
52,39
52,38
52,37
52,36
52,35
0,273
0,270
10,175
10,181
10,107
10,97
10,135
10,225
10,117
11,9
11,24
11,14
8,13
8,14
8,7
8,17
48,6
48,5
48,4
48,3
48,2
48,1
48,0
47,5
47,4
47,3
47,2
47,1
47,0
41,4
41,3
41,2
41,1
41,0
40,3
40,2
40,1
40,0
20,3
20,2
20,1
19,2
19,3
19,1
12,3
12,2
12,1
11,30
11,29
11,28
11,27
11,26
11,23
11,22
11,21
11,20
11,19
11,17
11,15
11,13
11,10
11,6
11,3
11,2
11,1
10,309
10,299
10,292
10,270
10,266
10,258
10,256
10,253
10,252
10,220
10,212
10,204
10,187
10,170
10,166
10,146
10,128
10,127
10,99
18,1
10,88
18,3
